place(1.881, 25.362, 11.339, "Militant", 700)
upgrade(1.881, 26.712, 11.339, 200)
upgrade(1.881, 26.712, 11.339, 900)
place(-2.857, 25.206, 0.027, "Freezer", 425)
upgrade(-2.857, 26.556, 0.027, 225)
upgrade(-2.857, 26.556, 0.027, 650)
place(-1.164, 25.400, 11.590, "Militant", 700)
upgrade(-1.164, 26.750, 11.590, 200)
upgrade(-1.164, 26.750, 11.590, 900)
place(0.146, 25.206, 0.251, "Freezer", 425)
upgrade(0.146, 26.556, 0.251, 225)
upgrade(0.146, 26.556, 0.251, 650)
place(1.807, 25.362, 8.238, "Militant", 700)
upgrade(1.807, 26.712, 8.238, 200)
upgrade(1.807, 26.712, 8.238, 900)
place(-1.200, 25.362, 8.460, "Militant", 700)
upgrade(-1.200, 26.712, 8.460, 200)
upgrade(-1.200, 26.712, 8.460, 900)
place(-6.791, 25.206, -0.002, "Slasher", 1577)
upgrade(-6.791, 26.556, -0.002, 2709)
upgrade(-6.791, 26.556, -0.002, 6681)
upgrade(-1.200, 26.712, 8.460, 2750)
upgrade(1.807, 26.712, 8.238, 2750)
upgrade(-1.164, 26.750, 11.590, 2750)
upgrade(1.881, 26.712, 11.339, 2750)
place(-6.671, 25.206, 2.037, "Slasher", 4393)
upgrade(-6.671, 26.556, 2.037, 2893)
upgrade(-6.671, 26.556, 2.037, 4843)
place(-8.985, 25.206, 0.115, "Slasher", 4901)
upgrade(-8.985, 26.556, 0.115, 4403)
upgrade(-8.985, 26.556, 0.115, 3153)
upgrade(-8.985, 26.556, 0.115, 5117)
place(-6.288, 25.206, 4.204, "Slasher", 2467)
upgrade(-6.288, 26.556, 4.204, 1767)
upgrade(-6.288, 26.556, 4.204, 4998)
upgrade(-1.200, 26.712, 8.460, 9000)
upgrade(-1.200, 26.712, 8.460, 11171)
upgrade(1.807, 26.712, 8.238, 9000)
place(6.950, 25.362, 47.335, "Militant", 700)
upgrade(6.950, 26.712, 47.335, 200)
upgrade(6.950, 26.712, 47.335, 900)
upgrade(6.950, 26.712, 47.335, 2750)
upgrade(-1.164, 26.750, 11.590, 9000)
upgrade(1.881, 26.712, 11.339, 9000)
upgrade(-6.791, 26.556, -0.002, 10501)
place(-0.975, 25.206, 14.578, "Militant", 700)
upgrade(-0.975, 26.556, 14.578, 200)
upgrade(-0.975, 26.556, 14.578, 900)
upgrade(-0.975, 26.556, 14.578, 2750)
upgrade(-0.975, 26.556, 14.578, 9000)
place(2.113, 25.206, 14.406, "Militant", 700)
upgrade(2.113, 26.556, 14.406, 200)
upgrade(2.113, 26.556, 14.406, 900)
upgrade(2.113, 26.556, 14.406, 2750)
upgrade(2.113, 26.556, 14.406, 9000)
upgrade(-6.288, 26.556, 4.204, 9505)
upgrade(-6.671, 26.556, 2.037, 9521)
upgrade(-8.985, 26.556, 0.115, 15985)
place(5.021, 25.400, 13.175, "Militant", 700)
upgrade(5.021, 26.750, 13.175, 200)
upgrade(5.021, 26.750, 13.175, 900)
upgrade(5.021, 26.750, 13.175, 2750)
upgrade(5.021, 26.750, 13.175, 9000)
place(7.840, 25.229, 14.754, "Militant", 700)
upgrade(7.840, 26.579, 14.754, 200)
upgrade(7.840, 26.579, 14.754, 900)
upgrade(7.840, 26.579, 14.754, 2750)
upgrade(7.840, 26.579, 14.754, 9000)
upgrade(7.840, 26.579, 14.754, 9593)
place(-0.295, 25.362, 5.462, "Militant", 700)
upgrade(-0.295, 26.712, 5.462, 200)
upgrade(-0.295, 26.712, 5.462, 900)
upgrade(-0.295, 26.712, 5.462, 2750)
upgrade(-0.295, 26.712, 5.462, 9000)
place(-11.006, 25.206, 0.593, "Slasher", 12596)
upgrade(-11.006, 26.556, 0.593, 11096)
upgrade(-11.006, 26.556, 0.593, 9852)
upgrade(-11.006, 26.556, 0.593, 5098)
upgrade(-11.006, 26.556, 0.593, 9140)
place(-2.550, 25.206, -3.844, "Slasher", 4568)
upgrade(-2.550, 26.556, -3.844, 3945)
upgrade(-2.550, 26.556, -3.844, 2696)
upgrade(-2.550, 26.556, -3.844, 8896)
upgrade(-2.550, 26.556, -3.844, 11146)
place(-4.747, 25.206, -3.865, "Slasher", 5495)
upgrade(-4.747, 26.556, -3.865, 5967)
upgrade(-4.747, 26.556, -3.865, 4747)
upgrade(-4.747, 26.556, -3.865, 4746)
upgrade(-4.747, 26.556, -3.865, 8746)
upgrade(-4.747, 26.556, -3.865, 17710)
place(1.686, 25.362, 2.955, "Militant", 700)
upgrade(1.686, 26.712, 2.955, 200)
upgrade(1.686, 26.712, 2.955, 900)
upgrade(1.686, 26.712, 2.955, 2750)
upgrade(1.686, 26.712, 2.955, 9000)
place(3.941, 25.206, 0.481, "Militant", 700)
upgrade(3.941, 26.556, 0.481, 200)
upgrade(3.941, 26.556, 0.481, 900)
upgrade(3.941, 26.556, 0.481, 2750)
upgrade(3.941, 26.556, 0.481, 9000)
upgrade(3.941, 26.556, 0.481, 11891)
place(7.104, 25.206, -0.031, "Militant", 700)
upgrade(7.104, 26.556, -0.031, 200)
upgrade(7.104, 26.556, -0.031, 900)
upgrade(7.104, 26.556, -0.031, 2750)
upgrade(7.104, 26.556, -0.031, 9000)
place(11.243, 25.206, 14.378, "Militant", 700)
upgrade(11.243, 26.556, 14.378, 200)
upgrade(11.243, 26.556, 14.378, 900)
upgrade(11.243, 26.556, 14.378, 2750)
upgrade(11.243, 26.556, 14.378, 9000)
upgrade(11.243, 26.556, 14.378, 31249)
upgrade(11.243, 26.556, 14.378, 31247)
place(11.657, 25.200, 19.480, "Militant", 700)
upgrade(11.657, 26.550, 19.480, 200)
upgrade(11.657, 26.550, 19.480, 900)
upgrade(11.657, 26.550, 19.480, 2750)
upgrade(11.657, 26.550, 19.480, 9000)
upgrade(11.657, 26.550, 19.480, 25971)
place(8.416, 25.200, 19.848, "Militant", 700)
upgrade(8.416, 26.550, 19.848, 200)
upgrade(8.416, 26.550, 19.848, 900)
upgrade(8.416, 26.550, 19.848, 2750)
upgrade(8.416, 26.550, 19.848, 9000)
place(11.479, 25.200, 22.547, "Militant", 700)
upgrade(11.479, 26.550, 22.547, 200)
upgrade(11.479, 26.550, 22.547, 900)
upgrade(11.479, 26.550, 22.547, 2750)
upgrade(11.479, 26.550, 22.547, 9000)
place(-4.615, 25.362, 40.476, "Militant", 700)
upgrade(-4.615, 26.712, 40.476, 200)
upgrade(-4.615, 26.712, 40.476, 900)
upgrade(-4.615, 26.712, 40.476, 2750)
upgrade(-4.615, 26.712, 40.476, 9000)
place(-5.355, 25.362, 37.557, "Militant", 700)
upgrade(-5.355, 26.712, 37.557, 200)
upgrade(-5.355, 26.712, 37.557, 900)
upgrade(-5.355, 26.712, 37.557, 2750)
upgrade(-5.355, 26.712, 37.557, 9000)
upgrade(-5.355, 26.712, 37.557, 23158)
place(-8.095, 25.206, 40.288, "Militant", 700)
upgrade(-8.095, 26.556, 40.288, 200)
upgrade(-8.095, 26.556, 40.288, 900)
upgrade(-8.095, 26.556, 40.288, 2750)
upgrade(-8.095, 26.556, 40.288, 9000)
place(-5.247, 25.400, 43.460, "Militant", 700)
upgrade(-5.247, 26.750, 43.460, 200)
upgrade(-5.247, 26.750, 43.460, 900)
upgrade(-5.247, 26.750, 43.460, 2750)
upgrade(-5.247, 26.750, 43.460, 9000)
place(-8.960, 25.206, 43.979, "Militant", 700)
upgrade(-8.960, 26.556, 43.979, 200)
upgrade(-8.960, 26.556, 43.979, 900)
upgrade(-8.960, 26.556, 43.979, 2750)
upgrade(-5.247, 26.750, 43.460, 22007)
upgrade(-8.960, 26.556, 43.979, 9000)
